02 A3
02 A4
02 A5
02 A6
02 A7
02 A8
02 A9
02 A9
02 9C
02 9D
02 9D
02 9E
02 9F
02 A1
02 A1
02 A1
02 94
02 96
02 96
02 96
02 97
02 99
02 99
02 98
02 8B
02 8B
02 8B
02 8A
02 8B
02 8C
02 8B
02 8A
02 7E
02 7D
02 7E
02 7D
02 7D
02 7E
02 7E
02 7C
02 70
02 70
02 6F
02 6F
02 6F
02 70
02 6F
02 6E
02 61
02 61
02 60
02 60
02 60
02 61
02 5F
02 5E
02 52
02 51
02 51
02 50
02 51
02 53
02 53
02 51
02 45
02 46
02 46
02 46
02 46
02 49
02 48
02 47
02 3C
02 3D
02 3C
02 3C
02 3E
02 40
02 3F
02 40
02 36
02 37
02 36
02 37
02 39
02 3C
02 3B
02 3D
02 32
02 35
02 35
02 36
02 38
02 3B
02 3B
02 3C
02 32
02 34
02 35
02 36
02 39
02 3B
02 3C
02 3E
02 34
02 37
02 39
02 3B
02 3E
02 42
02 45
02 48
02 3E
02 43
02 44
02 46
02 4B
02 4D
02 50
02 52
02 48
02 4D
02 4E
02 4F
02 55
02 57
02 5C
02 5E
02 54
02 5A
02 5B
02 5E
02 64
02 66
02 6B
02 6D
02 63
02 69
02 6B
02 6C
02 73
02 76
02 7A
02 7C
02 72
02 78
02 79
02 7B
02 80
02 82
02 87
02 88
02 7E
02 84
02 84
02 85
02 88
02 89
02 8E
02 8E
02 83
02 89
02 89
02 8B
02 8F
02 91
02 96
02 98
02 8E
02 95
02 95
02 96
02 99
02 9B
02 9F
02 A0
02 95
02 99
02 98
02 98
02 9B
02 9B
02 A0
02 A2
02 97
02 9B
02 9D
02 9E
02 A2
02 A2
02 A7
02 A9
02 9E
02 A1
02 A1
02 9E
02 A2
02 9F
02 A3
02 A5
02 97
02 9B
02 9A
02 99
02 9F
02 9C
02 A2
02 A5
02 97
02 9C
02 9C
02 9A
02 A0
02 9D
02 A0
02 A1
02 92
02 95
02 93
02 8E
02 93
02 91
02 94
02 97
02 88
02 8D
02 8E
02 8A
02 90
02 8F
02 91
02 94
02 85
02 88
02 88
02 82
02 87
02 85
02 87
02 8A
02 7B
02 7F
02 81
02 7A
02 81
02 7F
02 83
02 86
02 78
02 7C
02 7C
02 76
02 7B
02 77
02 79
02 7C
02 6C
02 6E
02 6F
02 69
02 70
02 6D
02 73
02 77
02 69
02 6C
02 70
02 6B
02 71
02 6E
02 71
02 73
02 64
02 67
02 69
02 63
02 68
02 67
02 6B
02 6D
02 60
02 64
02 68
02 66
02 6C
02 6C
02 70
02 73
02 64
02 68
02 67
02 61
02 66
02 64
02 66
02 68
02 5A
02 5E
02 5F
02 5C
02 64
02 64
02 67
02 68
02 57
02 5C
02 5C
02 57
02 5D
02 59
02 5C
02 61
02 51
02 57
02 56
02 52
02 5A
02 59
02 5A
02 5F
02 4F
02 55
02 55
02 53
02 5C
02 5A
02 5C
02 5F
02 4D
02 54
02 53
02 51
02 59
02 56
02 59
02 5E
02 4E
02 56
02 52
02 4F
02 56
02 52
02 56
02 5C
02 4E
02 57
02 55
02 56
02 61
02 5F
02 65
02 69
02 5B
02 64
02 60
02 5E
02 64
02 5D
02 61
02 61
02 51
02 5D
02 5A
02 5C
02 67
02 63
02 6A
02 6F
02 63
02 6E
02 69
02 69
02 72
02 6D
02 70
02 72
02 61
02 69
02 62
02 62
02 6C
02 68
02 6E
02 76
02 68
02 76
02 74
02 79
02 85
02 84
02 89
02 8F
02 7F
02 89
02 83
02 82
02 8A
02 83
02 86
02 8B
02 7B
02 84
02 82
02 84
02 91
02 91
02 97
02 A0
02 92
02 9D
02 9B
02 9B
02 A5
02 9E
02 9C
02 A1
02 8E
02 94
02 8E
02 8C
02 96
02 92
02 96
02 A1
02 94
02 9D
02 9C
02 A0
02 AD
02 AB
02 A9
02 AE
02 9B
02 A1
02 99
02 95
02 99
02 92
02 91
02 9A
02 8B
02 93
02 91
02 95
02 A4
02 A4
02 A7
02 AD
02 9E
02 A5
02 A0
02 9B
02 9E
02 91
02 8B
02 8B
02 76
02 76
02 6E
02 6E
02 7B
02 79
02 7A
02 85
02 7D
02 87
02 86
02 85
02 90
02 88
02 81
02 80
02 6A
02 65
02 59
02 4D
02 52
02 48
02 43
02 4B
02 40
02 4B
02 51
02 54
02 67
02 6B
02 6E
02 77
02 64
02 62
02 5A
02 4B
02 4C
02 3E
02 34
02 37
02 24
02 28
02 2A
02 2B
02 40
02 47
02 51
02 62
02 5A
02 64
02 66
02 60
02 66
02 5B
02 4D
02 49
02 32
02 2E
02 27
02 1E
02 29
02 25
02 26
02 37
02 33
02 45
02 51
02 57
02 6E
02 6F
02 69
02 6F
02 5A
02 57
02 4E
02 43
02 46
02 38
02 2F
02 3A
02 2C
02 35
02 40
02 49
02 64
02 6D
02 74
02 87
02 7D
02 85
02 85
02 7F
02 86
02 7B
02 6D
02 6E
02 58
02 58
02 56
02 56
02 68
02 6E
02 70
02 85
02 7F
02 8D
02 93
02 96
02 A6
02 A5
02 9A
02 9E
02 85
02 7E
02 71
02 64
02 6C
02 69
02 63
02 73
02 68
02 72
02 76
02 7B
02 94
02 97
02 96
02 AB
02 9B
02 A0
02 9E
02 9A
02 A7
02 A1
02 9E
02 AC
02 97
02 9C
02 99
02 93
02 9C
02 96
02 8D
02 96
02 82
02 89
02 88
02 80
02 8B
02 87
02 81
02 8C
02 7A
02 83
02 80
02 7A
02 87
02 83
02 7C
02 88
02 76
02 7E
02 7C
02 76
02 84
02 81
02 79
02 85
02 74
02 7B
02 7A
02 74
02 82
02 7E
02 78
02 85
02 73
02 7C
02 7A
02 73
02 83
02 7E
02 77
02 85
02 73
02 7A
02 7A
02 73
02 83
02 7F
02 78
02 86
02 74
02 7B
02 7B
02 73
02 83
02 7E
02 78
02 85
02 73
02 79
02 7A
02 71
02 83
02 7D
02 77
02 84
02 71
02 79
02 7A
02 71
02 82
02 7C
02 76
02 83
02 6F
02 77
02 77
02 6E
02 80
02 79
02 73
02 81
02 6D
02 75
02 75
02 6D
02 7F
02 78
02 72
02 7F
02 6B
02 73
02 73
02 6A
02 7D
02 74
02 6F
02 7B
02 68
02 70
02 70
02 68
02 7B
02 73
02 6F
02 7B
02 69
02 70
02 72
02 69
02 7D
02 74
02 70
02 7B
02 69
02 6F
02 70
02 67
02 7C
02 72
02 6F
02 7A
02 69
02 70
02 71
02 68
02 7E
02 74
02 70
02 7C
02 69
02 71
02 72
02 68
02 7D
02 74
02 6F
02 7C
02 68
02 70
02 71
02 67
02 7D
02 74
02 6F
02 7C
02 6A
02 72
02 72
02 6A
02 7F
02 75
02 70
02 7D
02 6A
02 72
02 72
02 69
02 7E
02 74
02 6F
02 7D
02 6A
02 72
02 73
02 6A
02 7F
02 77
02 70
02 7E
02 6C
02 72
02 74
02 6A
02 7F
02 75
02 70
02 7D
02 6A
02 71
02 74
02 69
02 7F
02 76
02 71
02 7D
02 6B
02 73
02 75
02 69
02 7F
02 76
02 70
02 7D
02 69
02 72
02 74
02 68
02 7E
02 75
02 6F
02 7D
02 6A
02 72
02 75
02 68
02 7F
02 75
02 6F
02 7D
02 6B
02 71
02 75
02 68
02 7E
02 75
02 6F
02 7C
02 6A
02 71
02 74
02 68
02 7F
02 75
02 6F
02 7C
02 6A
02 71
02 75
02 68
02 7F
02 75
02 6E
02 7C
02 6A
02 71
02 74
02 67
02 7E
02 74
02 6E
02 7B
02 6A
02 70
02 74
02 68
02 7F
02 74
02 6F
02 7B
02 6B
02 70
02 75
02 68
02 7F
02 74
02 6F
02 7A
02 6A
02 6F
02 74
02 67
02 7F
02 73
02 6F
02 7A
02 6A
02 70
02 74
02 68
02 7F
02 74
02 70
02 7B
02 6A
02 72
02 74
02 68
02 7F
02 74
02 71
02 7B
02 69
02 71
02 74
02 67
02 7F
02 74
02 70
02 7A
02 6A
02 72
02 74
02 69
02 80
02 75
02 71
02 7B
02 6A
02 71
02 74
02 69
02 7F
02 75
02 70
02 7B
02 6A
02 71
02 73
02 6A
02 80
02 75
02 71
02 7B
02 6A
02 71
02 74
02 69
02 80
02 74
02 70
02 7A
02 6A
02 70
02 73
02 69
02 80
02 74
02 71
02 7B
02 6B
02 70
02 74
02 6A
02 80
02 74
02 70
02 7B
02 6B
02 70
02 74
02 68
02 80
02 74
02 70
02 7A
02 6B
02 6F
02 73
02 69
02 7F
02 73
02 70
02 7A
02 6C
02 70
02 74
02 6A
02 7F
02 74
02 71
02 7A
02 6B
02 6F
02 72
02 6A
02 7F
02 74
02 70
02 7A
02 6B
02 70
02 72
02 6B
02 7F
02 74
02 71
02 7A
02 6B
02 6F
02 70
02 6A
02 7E
02 74
02 70
02 7A
02 6B
02 70
02 70
02 6C
02 7E
02 75
02 70
02 7B
02 6C
02 70
02 6F
02 6B
02 7E
02 74
02 70
02 7A
02 6B
02 71
02 70
02 6C
02 7F
02 75
02 70
02 7B
02 6C
02 70
02 70
02 6B
02 7E
02 75
02 6F
02 7B
02 6C
02 6F
02 70
02 6C
02 7E
02 75
02 6F
02 7C
02 6C
02 70
02 70
02 6C
02 7E
02 75
02 6F
02 7C
02 6B
02 70
02 70
02 6D
02 7D
02 75
02 6F
02 7C
02 6B
02 70
02 70
02 6C
02 7D
02 75
02 70
02 7D
02 6B
02 70
02 70
02 6D
02 7E
02 75
02 70
02 7E
02 6B
02 71
02 70
02 6C
02 7E
02 75
02 70
02 7E
02 6B
02 72
02 70
02 6C
02 7F
02 75
02 6F
02 7D
02 6B
02 72
02 71
02 6D
02 7F
02 75
02 70
02 7D
02 6A
02 72
02 71
02 6C
02 7F
02 75
02 70
02 7D
02 6A
02 72
02 71
02 6C
02 7F
02 76
02 70
02 7E
02 6A
02 72
02 71
02 6B
02 7F
02 74
02 6F
02 7E
02 6A
02 71
02 70
02 6B
02 7F
02 74
02 6F
02 7E
02 6B
02 72
02 71
02 6C
02 80
02 74
02 6F
02 7D
02 69
02 71
02 70
02 6A
02 7F
02 74
02 6F
02 7D
02 6A
02 71
02 71
02 6B
02 7F
02 75
02 6F
02 7D
02 6A
02 70
02 71
02 6A
02 7E
02 74
02 6D
02 7D
02 69
02 6F
02 72
02 6A
02 7D
02 75
02 6D
02 7D
02 6A
02 6F
02 71
02 6A
02 7E
02 74
02 6D
02 7D
02 69
02 6E
02 71
02 69
02 7D
02 74
02 6D
02 7C
02 69
02 6F
02 71
02 69
02 7E
02 74
02 6E
02 7D
02 6A
02 70
02 71
02 6A
02 7E
02 74
02 6D
02 7C
02 69
02 70
02 70
02 69
02 7F
02 76
02 6E
02 7D
02 6B
02 72
02 71
02 6B
02 80
02 76
02 6F
02 7D
02 6A
02 71
02 70
02 69
02 7E
02 75
02 6E
02 7D
02 6B
02 71
02 71
02 6B
02 80
02 76
02 70
02 7E
02 6B
02 71
02 70
02 6B
02 7F
02 75
02 6F
02 7C
02 6B
02 71
02 70
02 6C
02 80
02 76
02 70
02 7D
02 6C
02 72
02 71
02 6B
02 80
02 77
02 70
02 7D
02 6C
02 71
02 71
02 6C
02 7F
02 76
02 6F
02 7D
02 6C
02 72
