07 85
07 86
07 87
07 89
07 8A
07 8C
07 8D
07 8E
07 86
07 86
07 89
07 8A
07 8B
07 8C
07 8E
07 90
07 87
07 88
07 8A
07 8B
07 8C
07 8D
07 8E
07 8F
07 86
07 88
07 8A
07 8C
07 8C
07 8D
07 8E
07 8F
07 86
07 87
07 89
07 8B
07 8C
07 8D
07 8C
07 8E
07 85
07 86
07 87
07 8A
07 8B
07 8D
07 8C
07 8E
07 85
07 85
07 87
07 8A
07 89
07 8B
07 8B
07 8D
07 86
07 86
07 86
07 8A
07 89
07 8B
07 8A
07 8D
07 85
07 85
07 87
07 8A
07 88
07 8B
07 89
07 8C
07 85
07 84
07 86
07 89
07 89
07 8B
07 89
07 8B
07 85
07 82
07 85
07 87
07 88
07 8A
07 88
07 8A
07 83
07 81
07 84
07 87
07 86
07 88
07 87
07 89
07 83
07 80
07 82
07 86
07 85
07 87
07 86
07 88
07 82
07 80
07 83
07 86
07 85
07 86
07 86
07 89
07 82
07 7F
07 82
07 86
07 85
07 87
07 85
07 88
07 82
07 80
07 82
07 86
07 83
07 87
07 85
07 89
07 82
07 80
07 81
07 86
07 83
07 85
07 84
07 89
07 83
07 80
07 81
07 85
07 84
07 87
07 86
07 88
07 81
07 7F
07 80
07 86
07 84
07 86
07 87
07 89
07 83
07 80
07 80
07 86
07 85
07 86
07 88
07 89
07 82
07 81
07 80
07 87
07 85
07 86
07 89
07 89
07 83
07 81
07 81
07 87
07 85
07 86
07 88
07 88
07 82
07 7F
07 80
07 86
07 86
07 87
07 8A
07 88
07 81
07 7E
07 7F
07 86
07 85
07 86
07 89
07 88
07 81
07 7E
07 7F
07 87
07 86
07 87
07 88
07 88
07 82
07 81
07 83
07 89
07 86
07 85
07 87
07 88
07 83
07 82
07 85
07 8B
07 87
07 87
07 88
07 89
07 86
07 83
07 85
07 89
07 86
07 89
07 89
07 8A
07 86
07 83
07 85
07 8A
07 87
07 8A
07 8A
07 8A
07 86
07 83
07 85
07 89
07 86
07 8A
07 8A
07 8C
07 87
07 84
07 86
07 8A
07 86
07 8A
07 8B
07 8D
07 88
07 84
07 86
07 89
07 88
07 8B
07 8C
07 8D
07 86
07 83
07 86
07 8A
07 8B
07 8C
07 8F
07 8F
07 88
07 83
07 86
07 8A
07 8B
07 8C
07 8F
07 90
07 8B
07 85
07 89
07 8C
07 8C
07 8D
07 8F
07 91
07 8B
07 87
07 8B
07 8D
07 8C
07 8D
07 8F
07 92
07 8C
07 8B
07 8F
07 91
07 8E
07 8D
07 8E
07 91
07 8C
07 8B
07 8F
07 91
07 8F
07 90
07 91
07 95
07 8E
07 8E
07 91
07 94
07 92
07 8F
07 90
07 93
07 8D
07 8D
07 92
07 97
07 94
07 91
07 90
07 92
07 8D
07 8D
07 92
07 95
07 91
07 8E
07 90
07 92
07 8F
07 8C
07 8F
07 8F
07 8C
07 8B
07 8F
07 90
07 8B
07 8A
07 8E
07 90
07 8F
07 8B
07 8C
07 8A
07 85
07 83
07 87
07 8A
07 8C
07 8D
07 94
07 94
07 8B
07 82
07 7F
07 80
07 84
07 88
07 92
07 92
07 89
07 86
07 86
07 87
07 89
07 88
07 8B
07 87
07 7F
07 7E
07 83
07 8A
07 8C
07 87
07 88
07 83
07 7E
07 7E
07 82
07 87
07 86
07 83
07 85
07 83
07 7E
07 7D
07 80
07 84
07 81
07 80
07 83
07 82
07 7D
07 7C
07 80
07 84
07 82
07 82
07 86
07 85
07 81
07 7F
07 82
07 86
07 85
07 86
07 89
07 89
07 84
07 82
07 87
07 89
07 87
07 89
07 8B
07 8C
07 87
07 84
07 89
07 8B
07 8A
07 8E
07 8F
07 8E
07 89
07 86
07 8E
07 8F
07 8B
07 8C
07 8C
07 8E
07 88
07 84
07 8C
07 8C
07 8D
07 90
07 90
07 8E
07 87
07 82
07 8C
07 8B
07 8A
07 8C
07 8C
07 8C
07 86
07 82
07 8D
07 8A
07 89
07 8C
07 8D
07 8F
07 89
07 85
07 91
07 8E
07 8B
07 8B
07 8B
07 8E
07 89
07 86
07 92
07 91
07 8F
07 91
07 90
07 92
07 8B
07 89
07 95
07 93
07 91
07 90
07 8E
07 91
07 8C
07 8E
07 9B
07 97
07 92
07 90
07 8E
07 8F
07 89
07 8D
07 9A
07 97
07 90
07 8E
07 8D
07 8E
07 87
07 8B
07 9A
07 9A
07 95
07 91
07 90
07 8F
07 85
07 86
07 8F
07 89
07 87
07 8B
07 91
07 92
07 89
07 87
07 8D
07 85
07 82
07 87
07 92
07 96
07 8C
07 85
07 87
07 7C
07 7A
07 7D
07 87
07 8C
07 88
07 83
07 87
07 78
07 73
07 78
07 82
07 85
07 7B
07 7A
07 86
07 7E
07 77
07 76
07 7E
07 85
07 83
07 88
07 92
07 87
07 7F
07 7D
07 84
07 8B
07 8C
07 92
07 9D
07 92
07 8A
07 87
07 8A
07 91
07 96
07 9F
07 AD
07 A0
07 94
07 8D
07 91
07 99
07 9E
07 A7
07 B7
07 B0
07 A9
07 A3
07 A2
07 A5
07 A4
07 AB
07 BA
07 B7
07 B4
07 AE
07 A8
07 A6
07 9C
07 9C
07 AC
07 A9
07 A3
07 9F
07 9F
07 9F
07 90
07 8A
07 94
07 8F
07 8D
07 8E
07 8D
07 8C
07 7F
07 7A
07 82
07 7A
07 79
07 7D
07 7E
07 7D
07 70
07 6D
07 75
07 6E
07 6E
07 70
07 70
07 70
07 65
07 64
07 6D
07 68
07 68
07 6C
07 6C
07 6F
07 63
07 63
07 6D
07 68
07 69
07 6C
07 6C
07 70
07 65
07 66
07 70
07 6B
07 6C
07 6D
07 6C
07 71
07 65
07 67
07 71
07 6C
07 6D
07 70
07 6F
07 75
07 69
07 6B
07 74
07 6F
07 70
07 74
07 74
07 78
07 6D
07 6F
07 78
07 72
07 74
07 77
07 78
07 7C
07 70
07 73
07 7C
07 76
07 77
07 7B
07 7B
07 80
07 73
07 77
07 7F
07 7A
07 7C
07 7F
07 7F
07 84
07 76
07 7B
07 82
07 7D
07 7F
07 82
07 82
07 88
07 7A
07 7E
07 85
07 81
07 82
07 86
07 86
07 8B
07 7E
07 81
07 88
07 84
07 84
07 87
07 86
07 8C
07 7E
07 81
07 89
07 84
07 84
07 87
07 85
07 8D
07 7D
07 81
07 88
07 85
07 84
07 87
07 85
07 8C
07 7C
07 81
07 88
07 85
07 83
07 87
07 85
07 8D
07 7C
07 81
07 87
07 84
07 83
07 87
07 85
07 8D
07 7C
07 81
07 86
07 85
07 83
07 87
07 85
07 8C
07 7C
07 80
07 87
07 85
07 82
07 87
07 85
07 8C
07 7C
07 80
07 86
07 85
07 82
07 87
07 85
07 8C
07 7C
07 80
07 85
07 85
07 82
07 86
07 85
07 8C
07 7D
07 80
07 85
07 86
07 81
07 86
07 85
07 8C
07 7D
07 80
07 85
07 86
07 81
07 86
07 85
07 8C
07 7D
07 80
07 85
07 86
07 82
07 87
07 85
07 8C
07 7C
07 80
07 85
07 86
07 82
07 87
07 85
07 8C
07 7D
07 7F
07 86
07 85
07 82
07 88
07 85
07 8C
07 7D
07 7F
07 87
07 86
07 82
07 87
07 85
07 8D
07 7D
07 80
07 87
07 85
07 82
07 87
07 85
07 8D
07 7D
07 80
07 86
07 86
07 82
07 88
07 85
07 8C
07 7E
07 80
07 86
07 86
07 83
07 88
07 85
07 8C
07 7F
07 80
07 86
07 86
07 82
07 89
07 86
07 8C
07 7F
07 81
07 86
07 86
07 82
07 89
07 86
07 8C
07 7F
07 82
07 85
07 87
07 82
07 89
07 85
07 8C
07 7F
07 83
07 86
07 87
07 82
07 89
07 85
07 8C
07 7E
07 83
07 85
07 88
07 82
07 89
07 85
07 8D
07 7E
07 83
07 85
07 87
07 82
07 89
07 85
07 8D
07 7E
07 83
07 85
07 87
07 81
07 89
07 85
07 8D
07 7E
07 83
07 85
07 87
07 81
07 89
07 85
07 8D
07 7D
07 83
07 85
07 87
07 81
07 89
07 85
07 8D
07 7D
07 83
07 86
07 87
07 80
07 89
07 85
07 8D
07 7D
07 83
07 86
07 86
07 80
07 89
07 86
07 8D
07 7D
07 82
07 87
07 87
07 80
07 89
07 85
07 8C
07 7E
07 82
07 87
07 87
07 80
07 89
07 86
07 8C
07 7E
07 82
07 87
07 87
07 80
07 89
07 87
07 8C
07 7E
07 81
07 87
07 87
07 80
07 89
07 87
07 8C
07 7F
07 81
07 87
07 87
07 80
07 89
07 87
07 8B
07 7F
07 82
07 87
07 88
07 7F
07 88
07 87
07 8B
07 80
07 82
07 87
07 88
07 80
07 89
07 86
07 8A
07 7F
07 82
07 87
07 88
07 80
07 89
07 86
07 8B
07 7F
07 81
07 86
07 88
07 80
07 89
07 86
07 8B
07 7F
07 81
07 86
07 88
07 7F
07 88
07 86
07 8B
07 80
07 81
07 86
07 88
07 7F
07 87
07 86
07 8B
07 80
07 80
07 86
07 89
07 7F
07 87
07 86
07 8B
07 80
07 80
07 86
07 89
07 7F
07 88
07 87
07 8B
07 7F
07 80
07 85
07 8A
07 7F
07 87
07 87
07 8B
07 80
07 81
07 84
07 89
07 7E
07 87
07 88
07 8A
07 80
07 81
07 85
07 89
07 7E
07 87
07 87
07 89
07 80
07 81
07 85
07 8A
07 7E
07 88
07 87
07 88
07 80
07 80
07 85
07 89
07 7F
07 88
07 88
07 88
07 80
07 80
07 84
07 89
07 7F
07 87
07 88
07 88
07 81
07 81
07 84
07 89
07 7E
07 88
07 88
07 87
07 81
07 82
07 85
07 8A
07 7E
07 87
07 87
07 87
07 81
07 82
07 85
07 8A
07 7F
07 87
07 89
07 87
07 80
07 81
07 85
07 8A
07 7F
07 88
07 89
07 87
07 80
07 81
07 85
07 89
07 7F
07 87
07 89
07 88
07 80
07 82
07 85
07 89
07 7F
07 87
07 88
07 88
07 81
07 81
07 85
07 89
07 80
07 87
07 88
07 88
07 80
07 81
07 86
07 89
07 80
07 87
07 87
07 89
07 80
07 82
07 85
07 89
07 80
07 87
07 87
07 89
07 81
07 82
07 85
07 89
07 80
07 86
07 87
07 88
07 81
07 83
07 86
07 89
07 81
07 86
07 87
07 88
07 81
07 82
07 86
07 89
07 81
07 87
07 88
07 88
07 80
07 82
07 85
07 89
07 81
07 87
07 88
07 88
07 81
07 82
07 84
07 89
07 81
07 86
07 88
07 89
07 81
07 82
07 84
07 89
07 81
07 86
07 88
07 89
07 81
07 82
07 85
07 89
07 81
07 87
07 87
07 89
07 80
07 82
07 85
07 89
07 82
07 87
07 88
07 89
07 80
07 82
07 84
07 89
07 81
07 87
07 88
07 8A
07 81
07 81
07 83
07 89
07 81
07 87
07 88
07 8A
07 81
07 82
07 83
07 89
07 81
07 86
07 88
07 89
07 81
07 81
07 83
07 8A
07 81
07 86
07 88
07 88
07 80
07 81
